# transform file /usr/local/freesurfer/subjects/3322/mri/transforms/cc_up.lta
# created by ubuntu on Tue Jan  2 15:08:41 2018

type      = 0 # LINEAR_VOX_TO_VOX
nxforms   = 1
mean      = 128.0000 108.0000 113.0000
sigma     = 10000.0000
1 4 4
9.998506903648376e-01 1.098080072551966e-02 1.334840897470713e-02 -2.201940298080444e+00 
-1.097982283681631e-02 9.999397993087769e-01 -1.465850655222312e-04 4.142450332641602e+01 
-1.334921270608902e-02 1.455191696309033e-11 9.999109506607056e-01 3.571706771850586e+01 
0.000000000000000e+00 0.000000000000000e+00 0.000000000000000e+00 1.000000000000000e+00 
src volume info
valid = 1  # volume info valid
filename = /usr/local/freesurfer/subjects/3322/mri/norm.mgz
volume = 256 256 256
voxelsize = 1.000000000000000e+00 1.000000000000000e+00 1.000000000000000e+00
xras   = -1.000000000000000e+00 0.000000000000000e+00 0.000000000000000e+00
yras   = 0.000000000000000e+00 0.000000000000000e+00 -1.000000000000000e+00
zras   = 0.000000000000000e+00 1.000000000000000e+00 0.000000000000000e+00
cras   = 1.936052551269531e+02 2.804262695312500e+02 5.345905761718750e+02
dst volume info
valid = 1  # volume info valid
filename = /usr/local/freesurfer/subjects/3322/mri/norm.mgz
volume = 256 256 256
voxelsize = 1.000000000000000e+00 1.000000000000000e+00 1.000000000000000e+00
xras   = -1.000000000000000e+00 0.000000000000000e+00 0.000000000000000e+00
yras   = 0.000000000000000e+00 0.000000000000000e+00 -1.000000000000000e+00
zras   = 0.000000000000000e+00 1.000000000000000e+00 0.000000000000000e+00
cras   = 1.936052551269531e+02 2.804262695312500e+02 5.345905761718750e+02
