# transform file /usr/local/freesurfer/subjects/3350/mri/transforms/cc_up.lta
# created by ubuntu on Tue Jan  2 17:01:15 2018

type      = 0 # LINEAR_VOX_TO_VOX
nxforms   = 1
mean      = 129.0000 140.0000 105.0000
sigma     = 10000.0000
1 4 4
9.987953901290894e-01 -4.093393310904503e-02 -2.705766074359417e-02 8.490294456481934e+00 
4.091892018914223e-02 9.991617798805237e-01 -1.108505646698177e-03 1.001555919647217e+00 
2.708035707473755e-02 1.164153218269348e-10 9.996331930160522e-01 3.058983993530273e+01 
0.000000000000000e+00 0.000000000000000e+00 0.000000000000000e+00 1.000000000000000e+00 
src volume info
valid = 1  # volume info valid
filename = /usr/local/freesurfer/subjects/3350/mri/norm.mgz
volume = 256 256 256
voxelsize = 1.000000000000000e+00 1.000000000000000e+00 1.000000000000000e+00
xras   = -1.000000000000000e+00 0.000000000000000e+00 0.000000000000000e+00
yras   = 0.000000000000000e+00 0.000000000000000e+00 -1.000000000000000e+00
zras   = 0.000000000000000e+00 1.000000000000000e+00 0.000000000000000e+00
cras   = 2.071864318847656e+02 2.738559265136719e+02 5.243389892578125e+02
dst volume info
valid = 1  # volume info valid
filename = /usr/local/freesurfer/subjects/3350/mri/norm.mgz
volume = 256 256 256
voxelsize = 1.000000000000000e+00 1.000000000000000e+00 1.000000000000000e+00
xras   = -1.000000000000000e+00 0.000000000000000e+00 0.000000000000000e+00
yras   = 0.000000000000000e+00 0.000000000000000e+00 -1.000000000000000e+00
zras   = 0.000000000000000e+00 1.000000000000000e+00 0.000000000000000e+00
cras   = 2.071864318847656e+02 2.738559265136719e+02 5.243389892578125e+02
