# transform file /usr/local/freesurfer/subjects/3191/mri/transforms/cc_up.lta
# created by ubuntu on Mon Jan  1 01:53:28 2018

type      = 0 # LINEAR_VOX_TO_VOX
nxforms   = 1
mean      = 129.0000 122.0000 123.0000
sigma     = 10000.0000
1 4 4
9.994649887084961e-01 1.719985529780388e-02 2.782247401773930e-02 -4.917350292205811e+00 
-1.719319634139538e-02 9.998521208763123e-01 -4.786133358720690e-04 3.127185249328613e+01 
-2.782659046351910e-02 2.910383392618066e-11 9.996128082275391e-01 1.360748958587646e+01 
0.000000000000000e+00 0.000000000000000e+00 0.000000000000000e+00 1.000000000000000e+00 
src volume info
valid = 1  # volume info valid
filename = /usr/local/freesurfer/subjects/3191/mri/norm.mgz
volume = 256 256 256
voxelsize = 1.000000000000000e+00 1.000000000000000e+00 1.000000000000000e+00
xras   = -1.000000000000000e+00 0.000000000000000e+00 0.000000000000000e+00
yras   = 0.000000000000000e+00 0.000000000000000e+00 -1.000000000000000e+00
zras   = 0.000000000000000e+00 1.000000000000000e+00 0.000000000000000e+00
cras   = 2.106920776367188e+02 2.740852050781250e+02 5.248149414062500e+02
dst volume info
valid = 1  # volume info valid
filename = /usr/local/freesurfer/subjects/3191/mri/norm.mgz
volume = 256 256 256
voxelsize = 1.000000000000000e+00 1.000000000000000e+00 1.000000000000000e+00
xras   = -1.000000000000000e+00 0.000000000000000e+00 0.000000000000000e+00
yras   = 0.000000000000000e+00 0.000000000000000e+00 -1.000000000000000e+00
zras   = 0.000000000000000e+00 1.000000000000000e+00 0.000000000000000e+00
cras   = 2.106920776367188e+02 2.740852050781250e+02 5.248149414062500e+02
