# transform file /usr/local/freesurfer/subjects/3205/mri/transforms/cc_up.lta
# created by ubuntu on Mon Jan  1 02:30:48 2018

type      = 0 # LINEAR_VOX_TO_VOX
nxforms   = 1
mean      = 129.0000 141.0000 129.0000
sigma     = 10000.0000
1 4 4
9.999282956123352e-01 -5.310970824211836e-03 -1.074085198342800e-02 9.833828806877136e-01 
5.310664419084787e-03 9.999859929084778e-01 -5.704515569959767e-05 3.236172199249268e-01 
1.074100285768509e-02 0.000000000000000e+00 9.999423623085022e-01 5.621387004852295e+00 
0.000000000000000e+00 0.000000000000000e+00 0.000000000000000e+00 1.000000000000000e+00 
src volume info
valid = 1  # volume info valid
filename = /usr/local/freesurfer/subjects/3205/mri/norm.mgz
volume = 256 256 256
voxelsize = 1.000000000000000e+00 1.000000000000000e+00 1.000000000000000e+00
xras   = -9.999999403953552e-01 0.000000000000000e+00 0.000000000000000e+00
yras   = 0.000000000000000e+00 0.000000000000000e+00 -9.999999403953552e-01
zras   = 0.000000000000000e+00 9.999999403953552e-01 0.000000000000000e+00
cras   = 7.299130249023438e+02 7.518821411132812e+02 6.448822021484375e+00
dst volume info
valid = 1  # volume info valid
filename = /usr/local/freesurfer/subjects/3205/mri/norm.mgz
volume = 256 256 256
voxelsize = 1.000000000000000e+00 1.000000000000000e+00 1.000000000000000e+00
xras   = -9.999999403953552e-01 0.000000000000000e+00 0.000000000000000e+00
yras   = 0.000000000000000e+00 0.000000000000000e+00 -9.999999403953552e-01
zras   = 0.000000000000000e+00 9.999999403953552e-01 0.000000000000000e+00
cras   = 7.299130249023438e+02 7.518821411132812e+02 6.448822021484375e+00
