# transform file /usr/local/freesurfer/subjects/3207/mri/transforms/cc_up.lta
# created by ubuntu on Mon Jan  1 02:30:15 2018

type      = 0 # LINEAR_VOX_TO_VOX
nxforms   = 1
mean      = 129.0000 136.0000 124.0000
sigma     = 10000.0000
1 4 4
9.859479665756226e-01 -8.920335024595261e-02 -1.412409693002701e-01 2.916627502441406e+01 
8.830189704895020e-02 9.960132837295532e-01 -1.264959853142500e-02 3.777686595916748e+00 
1.418063044548035e-01 9.313223525708736e-10 9.898942708969116e-01 -1.382269287109375e+01 
0.000000000000000e+00 0.000000000000000e+00 0.000000000000000e+00 1.000000000000000e+00 
src volume info
valid = 1  # volume info valid
filename = /usr/local/freesurfer/subjects/3207/mri/norm.mgz
volume = 256 256 256
voxelsize = 1.000000000000000e+00 1.000000000000000e+00 1.000000000000000e+00
xras   = -1.000000000000000e+00 0.000000000000000e+00 0.000000000000000e+00
yras   = 0.000000000000000e+00 0.000000000000000e+00 -1.000000000000000e+00
zras   = 0.000000000000000e+00 1.000000000000000e+00 0.000000000000000e+00
cras   = 7.317882080078125e+02 7.830042114257812e+02 -2.359300231933594e+01
dst volume info
valid = 1  # volume info valid
filename = /usr/local/freesurfer/subjects/3207/mri/norm.mgz
volume = 256 256 256
voxelsize = 1.000000000000000e+00 1.000000000000000e+00 1.000000000000000e+00
xras   = -1.000000000000000e+00 0.000000000000000e+00 0.000000000000000e+00
yras   = 0.000000000000000e+00 0.000000000000000e+00 -1.000000000000000e+00
zras   = 0.000000000000000e+00 1.000000000000000e+00 0.000000000000000e+00
cras   = 7.317882080078125e+02 7.830042114257812e+02 -2.359300231933594e+01
