# transform file transforms/talairach.lta
# created by ubuntu on Sun Dec 31 17:38:24 2017

type      = 0 # LINEAR_VOX_TO_VOX
nxforms   = 1
mean      = 130.0000 136.0000 124.0000
sigma     = 10000.0000
1 4 4
1.037074923515320e+00 -7.723848521709442e-02 -1.567993313074112e-01 2.271323585510254e+01 
1.038455143570900e-01 1.078039526939392e+00 1.973705142736435e-01 -5.934438705444336e+01 
1.474754512310028e-01 -2.349769175052643e-01 1.006863355636597e+00 -2.536584138870239e+00 
0.000000000000000e+00 0.000000000000000e+00 0.000000000000000e+00 1.000000000000000e+00 
src volume info
valid = 1  # volume info valid
filename = nu.mgz
volume = 256 256 256
voxelsize = 1.000000000000000e+00 1.000000000000000e+00 1.000000000000000e+00
xras   = -1.000000000000000e+00 0.000000000000000e+00 0.000000000000000e+00
yras   = 0.000000000000000e+00 0.000000000000000e+00 -1.000000000000000e+00
zras   = 0.000000000000000e+00 1.000000000000000e+00 0.000000000000000e+00
cras   = 7.317882080078125e+02 7.830042114257812e+02 -2.359300231933594e+01
dst volume info
valid = 1  # volume info valid
filename = /usr/local/freesurfer/average/RB_all_2016-05-10.vc700.gca
volume = 256 256 256
voxelsize = 1.000000000000000e+00 1.000000000000000e+00 1.000000000000000e+00
xras   = -1.000000000000000e+00 0.000000000000000e+00 0.000000000000000e+00
yras   = 0.000000000000000e+00 0.000000000000000e+00 -1.000000000000000e+00
zras   = 0.000000000000000e+00 1.000000000000000e+00 0.000000000000000e+00
cras   = 0.000000000000000e+00 0.000000000000000e+00 0.000000000000000e+00
