# transform file /usr/local/freesurfer/subjects/3201/mri/transforms/cc_up.lta
# created by ubuntu on Mon Jan  1 02:56:26 2018

type      = 0 # LINEAR_VOX_TO_VOX
nxforms   = 1
mean      = 131.0000 132.0000 126.0000
sigma     = 10000.0000
1 4 4
9.992780089378357e-01 3.372557461261749e-03 3.784292936325073e-02 -8.645951271057129e+00 
-3.370141843333840e-03 9.999943375587463e-01 -1.276281982427463e-04 2.146025085449219e+01 
-3.784314543008804e-02 1.455191522836685e-11 9.992837309837341e-01 1.207444667816162e+01 
0.000000000000000e+00 0.000000000000000e+00 0.000000000000000e+00 1.000000000000000e+00 
src volume info
valid = 1  # volume info valid
filename = /usr/local/freesurfer/subjects/3201/mri/norm.mgz
volume = 256 256 256
voxelsize = 1.000000000000000e+00 1.000000000000000e+00 1.000000000000000e+00
xras   = -1.000000000000000e+00 0.000000000000000e+00 0.000000000000000e+00
yras   = 0.000000000000000e+00 0.000000000000000e+00 -1.000000000000000e+00
zras   = 0.000000000000000e+00 1.000000000000000e+00 0.000000000000000e+00
cras   = 7.317882080078125e+02 7.877841796875000e+02 2.489699935913086e+01
dst volume info
valid = 1  # volume info valid
filename = /usr/local/freesurfer/subjects/3201/mri/norm.mgz
volume = 256 256 256
voxelsize = 1.000000000000000e+00 1.000000000000000e+00 1.000000000000000e+00
xras   = -1.000000000000000e+00 0.000000000000000e+00 0.000000000000000e+00
yras   = 0.000000000000000e+00 0.000000000000000e+00 -1.000000000000000e+00
zras   = 0.000000000000000e+00 1.000000000000000e+00 0.000000000000000e+00
cras   = 7.317882080078125e+02 7.877841796875000e+02 2.489699935913086e+01
