# transform file /usr/local/freesurfer/subjects/3200/mri/transforms/cc_up.lta
# created by ubuntu on Mon Jan  1 03:04:50 2018

type      = 0 # LINEAR_VOX_TO_VOX
nxforms   = 1
mean      = 126.0000 141.0000 126.0000
sigma     = 10000.0000
1 4 4
9.981034398078918e-01 -5.446960031986237e-02 2.868465334177017e-02 7.781678676605225e+00 
5.444711819291115e-02 9.985155463218689e-01 1.564764301292598e-03 3.212031841278076e+00 
-2.872730232775211e-02 1.164153357047226e-10 9.995873570442200e-01 9.623507499694824e+00 
0.000000000000000e+00 0.000000000000000e+00 0.000000000000000e+00 1.000000000000000e+00 
src volume info
valid = 1  # volume info valid
filename = /usr/local/freesurfer/subjects/3200/mri/norm.mgz
volume = 256 256 256
voxelsize = 1.000000000000000e+00 1.000000000000000e+00 1.000000000000000e+00
xras   = -1.000000000000000e+00 0.000000000000000e+00 0.000000000000000e+00
yras   = 0.000000000000000e+00 0.000000000000000e+00 -1.000000000000000e+00
zras   = 0.000000000000000e+00 1.000000000000000e+00 0.000000000000000e+00
cras   = 7.317881469726562e+02 7.864180908203125e+02 4.283372497558594e+01
dst volume info
valid = 1  # volume info valid
filename = /usr/local/freesurfer/subjects/3200/mri/norm.mgz
volume = 256 256 256
voxelsize = 1.000000000000000e+00 1.000000000000000e+00 1.000000000000000e+00
xras   = -1.000000000000000e+00 0.000000000000000e+00 0.000000000000000e+00
yras   = 0.000000000000000e+00 0.000000000000000e+00 -1.000000000000000e+00
zras   = 0.000000000000000e+00 1.000000000000000e+00 0.000000000000000e+00
cras   = 7.317881469726562e+02 7.864180908203125e+02 4.283372497558594e+01
