# transform file /usr/local/freesurfer/subjects/3353/mri/transforms/cc_up.lta
# created by ubuntu on Thu Jan  4 03:12:31 2018

type      = 0 # LINEAR_VOX_TO_VOX
nxforms   = 1
mean      = 130.0000 110.0000 116.0000
sigma     = 10000.0000
1 4 4
9.995085000991821e-01 1.475153863430023e-02 2.766124717891216e-02 -5.177897930145264e+00 
-1.474589295685291e-02 9.998911619186401e-01 -4.080903599970043e-04 4.495553970336914e+01 
-2.766425721347332e-02 0.000000000000000e+00 9.996172189712524e-01 2.361002922058105e+01 
0.000000000000000e+00 0.000000000000000e+00 0.000000000000000e+00 1.000000000000000e+00 
src volume info
valid = 1  # volume info valid
filename = /usr/local/freesurfer/subjects/3353/mri/norm.mgz
volume = 256 256 256
voxelsize = 1.000000000000000e+00 1.000000000000000e+00 1.000000000000000e+00
xras   = -1.000000000000000e+00 0.000000000000000e+00 0.000000000000000e+00
yras   = 0.000000000000000e+00 0.000000000000000e+00 -1.000000000000000e+00
zras   = 0.000000000000000e+00 1.000000000000000e+00 0.000000000000000e+00
cras   = 1.863264770507812e+02 2.600921936035156e+02 4.969029541015625e+02
dst volume info
valid = 1  # volume info valid
filename = /usr/local/freesurfer/subjects/3353/mri/norm.mgz
volume = 256 256 256
voxelsize = 1.000000000000000e+00 1.000000000000000e+00 1.000000000000000e+00
xras   = -1.000000000000000e+00 0.000000000000000e+00 0.000000000000000e+00
yras   = 0.000000000000000e+00 0.000000000000000e+00 -1.000000000000000e+00
zras   = 0.000000000000000e+00 1.000000000000000e+00 0.000000000000000e+00
cras   = 1.863264770507812e+02 2.600921936035156e+02 4.969029541015625e+02
