# transform file /usr/local/freesurfer/subjects/3190/mri/transforms/cc_up.lta
# created by ubuntu on Mon Jan  1 02:54:20 2018

type      = 0 # LINEAR_VOX_TO_VOX
nxforms   = 1
mean      = 128.0000 130.0000 124.0000
sigma     = 10000.0000
1 4 4
9.998967051506042e-01 -8.938411483541131e-04 -1.434585638344288e-02 3.649137973785400e+00 
8.937491802498698e-04 9.999996423721313e-01 -1.282292214455083e-05 1.488791084289551e+01 
1.434586197137833e-02 9.094947017729282e-13 9.998970627784729e-01 1.918908882141113e+01 
0.000000000000000e+00 0.000000000000000e+00 0.000000000000000e+00 1.000000000000000e+00 
src volume info
valid = 1  # volume info valid
filename = /usr/local/freesurfer/subjects/3190/mri/norm.mgz
volume = 256 256 256
voxelsize = 1.000000000000000e+00 1.000000000000000e+00 1.000000000000000e+00
xras   = -1.000000000000000e+00 0.000000000000000e+00 0.000000000000000e+00
yras   = 0.000000000000000e+00 0.000000000000000e+00 -1.000000000000000e+00
zras   = 0.000000000000000e+00 1.000000000000000e+00 0.000000000000000e+00
cras   = 2.369397277832031e+02 2.498450469970703e+02 5.278571166992188e+02
dst volume info
valid = 1  # volume info valid
filename = /usr/local/freesurfer/subjects/3190/mri/norm.mgz
volume = 256 256 256
voxelsize = 1.000000000000000e+00 1.000000000000000e+00 1.000000000000000e+00
xras   = -1.000000000000000e+00 0.000000000000000e+00 0.000000000000000e+00
yras   = 0.000000000000000e+00 0.000000000000000e+00 -1.000000000000000e+00
zras   = 0.000000000000000e+00 1.000000000000000e+00 0.000000000000000e+00
cras   = 2.369397277832031e+02 2.498450469970703e+02 5.278571166992188e+02
