# transform file transforms/talairach.lta
# created by ubuntu on Sun Dec 31 18:00:06 2017

type      = 0 # LINEAR_VOX_TO_VOX
nxforms   = 1
mean      = 128.0000 130.0000 124.0000
sigma     = 10000.0000
1 4 4
1.020044088363647e+00 -4.338563978672028e-02 -4.918217193335295e-03 5.936262607574463e-01 
4.177135229110718e-02 1.113424062728882e+00 1.825261414051056e-01 -4.673046875000000e+01 
-2.235692692920566e-03 -1.651296168565750e-01 9.893925786018372e-01 1.123720645904541e+01 
0.000000000000000e+00 0.000000000000000e+00 0.000000000000000e+00 1.000000000000000e+00 
src volume info
valid = 1  # volume info valid
filename = nu.mgz
volume = 256 256 256
voxelsize = 1.000000000000000e+00 1.000000000000000e+00 1.000000000000000e+00
xras   = -1.000000000000000e+00 0.000000000000000e+00 0.000000000000000e+00
yras   = 0.000000000000000e+00 0.000000000000000e+00 -1.000000000000000e+00
zras   = 0.000000000000000e+00 1.000000000000000e+00 0.000000000000000e+00
cras   = 2.369397277832031e+02 2.498450469970703e+02 5.278571166992188e+02
dst volume info
valid = 1  # volume info valid
filename = /usr/local/freesurfer/average/RB_all_2016-05-10.vc700.gca
volume = 256 256 256
voxelsize = 1.000000000000000e+00 1.000000000000000e+00 1.000000000000000e+00
xras   = -1.000000000000000e+00 0.000000000000000e+00 0.000000000000000e+00
yras   = 0.000000000000000e+00 0.000000000000000e+00 -1.000000000000000e+00
zras   = 0.000000000000000e+00 1.000000000000000e+00 0.000000000000000e+00
cras   = 0.000000000000000e+00 0.000000000000000e+00 0.000000000000000e+00
