# transform file /usr/local/freesurfer/subjects/3332/mri/transforms/cc_up.lta
# created by ubuntu on Tue Jan  2 17:32:12 2018

type      = 0 # LINEAR_VOX_TO_VOX
nxforms   = 1
mean      = 127.0000 110.0000 104.0000
sigma     = 10000.0000
1 4 4
9.975565671920776e-01 6.401322036981583e-02 -2.798391319811344e-02 -6.500763893127441e+00 
-6.398804485797882e-02 9.979490041732788e-01 1.795021817088127e-03 4.437430191040039e+01 
2.804142422974110e-02 1.164153079491470e-10 9.996067285537720e-01 5.038371276855469e+01 
0.000000000000000e+00 0.000000000000000e+00 0.000000000000000e+00 1.000000000000000e+00 
src volume info
valid = 1  # volume info valid
filename = /usr/local/freesurfer/subjects/3332/mri/norm.mgz
volume = 256 256 256
voxelsize = 1.000000000000000e+00 1.000000000000000e+00 1.000000000000000e+00
xras   = -1.000000000000000e+00 0.000000000000000e+00 0.000000000000000e+00
yras   = 0.000000000000000e+00 0.000000000000000e+00 -1.000000000000000e+00
zras   = 0.000000000000000e+00 1.000000000000000e+00 0.000000000000000e+00
cras   = 2.042140197753906e+02 2.603031005859375e+02 5.217296142578125e+02
dst volume info
valid = 1  # volume info valid
filename = /usr/local/freesurfer/subjects/3332/mri/norm.mgz
volume = 256 256 256
voxelsize = 1.000000000000000e+00 1.000000000000000e+00 1.000000000000000e+00
xras   = -1.000000000000000e+00 0.000000000000000e+00 0.000000000000000e+00
yras   = 0.000000000000000e+00 0.000000000000000e+00 -1.000000000000000e+00
zras   = 0.000000000000000e+00 1.000000000000000e+00 0.000000000000000e+00
cras   = 2.042140197753906e+02 2.603031005859375e+02 5.217296142578125e+02
