# transform file /usr/local/freesurfer/subjects/3352/mri/transforms/cc_up.lta
# created by ubuntu on Tue Jan  2 16:37:18 2018

type      = 0 # LINEAR_VOX_TO_VOX
nxforms   = 1
mean      = 128.0000 107.0000 121.0000
sigma     = 10000.0000
1 4 4
9.989600181579590e-01 3.227436169981956e-02 -3.220352157950401e-02 5.451656579971313e-01 
-3.225760534405708e-02 9.994789361953735e-01 1.039889990352094e-03 3.906719207763672e+01 
3.222030773758888e-02 0.000000000000000e+00 9.994807243347168e-01 1.793083572387695e+01 
0.000000000000000e+00 0.000000000000000e+00 0.000000000000000e+00 1.000000000000000e+00 
src volume info
valid = 1  # volume info valid
filename = /usr/local/freesurfer/subjects/3352/mri/norm.mgz
volume = 256 256 256
voxelsize = 1.000000000000000e+00 1.000000000000000e+00 1.000000000000000e+00
xras   = -1.000000000000000e+00 0.000000000000000e+00 0.000000000000000e+00
yras   = 0.000000000000000e+00 0.000000000000000e+00 -1.000000000000000e+00
zras   = 0.000000000000000e+00 1.000000000000000e+00 0.000000000000000e+00
cras   = 1.739601440429688e+02 2.733503112792969e+02 5.031475219726562e+02
dst volume info
valid = 1  # volume info valid
filename = /usr/local/freesurfer/subjects/3352/mri/norm.mgz
volume = 256 256 256
voxelsize = 1.000000000000000e+00 1.000000000000000e+00 1.000000000000000e+00
xras   = -1.000000000000000e+00 0.000000000000000e+00 0.000000000000000e+00
yras   = 0.000000000000000e+00 0.000000000000000e+00 -1.000000000000000e+00
zras   = 0.000000000000000e+00 1.000000000000000e+00 0.000000000000000e+00
cras   = 1.739601440429688e+02 2.733503112792969e+02 5.031475219726562e+02
