# transform file /usr/local/freesurfer/subjects/3188/mri/transforms/cc_up.lta
# created by ubuntu on Mon Jan  1 02:09:41 2018

type      = 0 # LINEAR_VOX_TO_VOX
nxforms   = 1
mean      = 127.0000 123.0000 126.0000
sigma     = 10000.0000
1 4 4
9.993822574615479e-01 -3.341736271977425e-02 1.087577641010284e-02 2.459171056747437e+00 
3.341538459062576e-02 9.994415044784546e-01 3.636429028119892e-04 1.574206256866455e+01 
-1.088185422122478e-02 -2.910382698728675e-11 9.999407529830933e-01 1.639957618713379e+01 
0.000000000000000e+00 0.000000000000000e+00 0.000000000000000e+00 1.000000000000000e+00 
src volume info
valid = 1  # volume info valid
filename = /usr/local/freesurfer/subjects/3188/mri/norm.mgz
volume = 256 256 256
voxelsize = 1.000000000000000e+00 1.000000000000000e+00 1.000000000000000e+00
xras   = -1.000000000000000e+00 0.000000000000000e+00 0.000000000000000e+00
yras   = 0.000000000000000e+00 0.000000000000000e+00 -1.000000000000000e+00
zras   = 0.000000000000000e+00 1.000000000000000e+00 0.000000000000000e+00
cras   = 2.170736999511719e+02 2.717704467773438e+02 4.977429809570312e+02
dst volume info
valid = 1  # volume info valid
filename = /usr/local/freesurfer/subjects/3188/mri/norm.mgz
volume = 256 256 256
voxelsize = 1.000000000000000e+00 1.000000000000000e+00 1.000000000000000e+00
xras   = -1.000000000000000e+00 0.000000000000000e+00 0.000000000000000e+00
yras   = 0.000000000000000e+00 0.000000000000000e+00 -1.000000000000000e+00
zras   = 0.000000000000000e+00 1.000000000000000e+00 0.000000000000000e+00
cras   = 2.170736999511719e+02 2.717704467773438e+02 4.977429809570312e+02
