# transform file /usr/local/freesurfer/subjects/3206/mri/transforms/cc_up.lta
# created by ubuntu on Mon Jan  1 02:41:57 2018

type      = 0 # LINEAR_VOX_TO_VOX
nxforms   = 1
mean      = 128.0000 135.0000 125.0000
sigma     = 10000.0000
1 4 4
9.999147653579712e-01 1.248116791248322e-02 -3.855627728626132e-03 -8.646270632743835e-01 
-1.248107571154833e-02 9.999221563339233e-01 4.812648330698721e-05 1.959993362426758e+01 
3.855928080156446e-03 0.000000000000000e+00 9.999926686286926e-01 -1.492599964141846e+00 
0.000000000000000e+00 0.000000000000000e+00 0.000000000000000e+00 1.000000000000000e+00 
src volume info
valid = 1  # volume info valid
filename = /usr/local/freesurfer/subjects/3206/mri/norm.mgz
volume = 256 256 256
voxelsize = 1.000000000000000e+00 1.000000000000000e+00 1.000000000000000e+00
xras   = -1.000000000000000e+00 0.000000000000000e+00 0.000000000000000e+00
yras   = 0.000000000000000e+00 0.000000000000000e+00 -1.000000000000000e+00
zras   = 0.000000000000000e+00 1.000000000000000e+00 0.000000000000000e+00
cras   = 7.317881469726562e+02 7.925501098632812e+02 3.987789535522461e+01
dst volume info
valid = 1  # volume info valid
filename = /usr/local/freesurfer/subjects/3206/mri/norm.mgz
volume = 256 256 256
voxelsize = 1.000000000000000e+00 1.000000000000000e+00 1.000000000000000e+00
xras   = -1.000000000000000e+00 0.000000000000000e+00 0.000000000000000e+00
yras   = 0.000000000000000e+00 0.000000000000000e+00 -1.000000000000000e+00
zras   = 0.000000000000000e+00 1.000000000000000e+00 0.000000000000000e+00
cras   = 7.317881469726562e+02 7.925501098632812e+02 3.987789535522461e+01
