# transform file /usr/local/freesurfer/subjects/3325/mri/transforms/cc_up.lta
# created by ubuntu on Tue Jan  2 15:34:14 2018

type      = 0 # LINEAR_VOX_TO_VOX
nxforms   = 1
mean      = 125.0000 109.0000 114.0000
sigma     = 10000.0000
1 4 4
9.988844990730286e-01 3.966183587908745e-02 -2.562636695802212e-02 2.197803974151611e+00 
-3.964878991246223e-02 9.992131590843201e-01 1.017189119011164e-03 4.392338943481445e+01 
2.564654685556889e-02 0.000000000000000e+00 9.996711015701294e-01 2.382740592956543e+01 
0.000000000000000e+00 0.000000000000000e+00 0.000000000000000e+00 1.000000000000000e+00 
src volume info
valid = 1  # volume info valid
filename = /usr/local/freesurfer/subjects/3325/mri/norm.mgz
volume = 256 256 256
voxelsize = 1.000000000000000e+00 1.000000000000000e+00 1.000000000000000e+00
xras   = -1.000000000000000e+00 0.000000000000000e+00 0.000000000000000e+00
yras   = 0.000000000000000e+00 0.000000000000000e+00 -1.000000000000000e+00
zras   = 0.000000000000000e+00 1.000000000000000e+00 0.000000000000000e+00
cras   = 2.022993774414062e+02 2.658609008789062e+02 5.290847167968750e+02
dst volume info
valid = 1  # volume info valid
filename = /usr/local/freesurfer/subjects/3325/mri/norm.mgz
volume = 256 256 256
voxelsize = 1.000000000000000e+00 1.000000000000000e+00 1.000000000000000e+00
xras   = -1.000000000000000e+00 0.000000000000000e+00 0.000000000000000e+00
yras   = 0.000000000000000e+00 0.000000000000000e+00 -1.000000000000000e+00
zras   = 0.000000000000000e+00 1.000000000000000e+00 0.000000000000000e+00
cras   = 2.022993774414062e+02 2.658609008789062e+02 5.290847167968750e+02
