# transform file /usr/local/freesurfer/subjects/3203/mri/transforms/cc_up.lta
# created by ubuntu on Mon Jan  1 03:53:43 2018

type      = 0 # LINEAR_VOX_TO_VOX
nxforms   = 1
mean      = 125.0000 142.0000 132.0000
sigma     = 10000.0000
1 4 4
9.949842691421509e-01 1.187199819833040e-02 -9.932460635900497e-02 1.438717555999756e+01 
-1.181328482925892e-02 9.999294877052307e-01 1.179264741949737e-03 4.340106010437012e+00 
9.933160990476608e-02 0.000000000000000e+00 9.950544238090515e-01 -1.780571937561035e+00 
0.000000000000000e+00 0.000000000000000e+00 0.000000000000000e+00 1.000000000000000e+00 
src volume info
valid = 1  # volume info valid
filename = /usr/local/freesurfer/subjects/3203/mri/norm.mgz
volume = 256 256 256
voxelsize = 1.000000000000000e+00 1.000000000000000e+00 1.000000000000000e+00
xras   = -1.000000000000000e+00 0.000000000000000e+00 0.000000000000000e+00
yras   = 0.000000000000000e+00 0.000000000000000e+00 -1.000000000000000e+00
zras   = 0.000000000000000e+00 1.000000000000000e+00 0.000000000000000e+00
cras   = 7.304911499023438e+02 7.516051635742188e+02 -1.768699645996094e+00
dst volume info
valid = 1  # volume info valid
filename = /usr/local/freesurfer/subjects/3203/mri/norm.mgz
volume = 256 256 256
voxelsize = 1.000000000000000e+00 1.000000000000000e+00 1.000000000000000e+00
xras   = -1.000000000000000e+00 0.000000000000000e+00 0.000000000000000e+00
yras   = 0.000000000000000e+00 0.000000000000000e+00 -1.000000000000000e+00
zras   = 0.000000000000000e+00 1.000000000000000e+00 0.000000000000000e+00
cras   = 7.304911499023438e+02 7.516051635742188e+02 -1.768699645996094e+00
