# transform file /usr/local/freesurfer/subjects/3321/mri/transforms/cc_up.lta
# created by ubuntu on Tue Jan  2 15:27:45 2018

type      = 0 # LINEAR_VOX_TO_VOX
nxforms   = 1
mean      = 126.0000 101.0000 119.0000
sigma     = 10000.0000
1 4 4
9.997310638427734e-01 1.912573538720608e-02 1.311518345028162e-02 -3.066178798675537e+00 
-1.912408880889416e-02 9.998170733451843e-01 -2.508834004402161e-04 4.449146652221680e+01 
-1.311758253723383e-02 0.000000000000000e+00 9.999139308929443e-01 1.868860435485840e+01 
0.000000000000000e+00 0.000000000000000e+00 0.000000000000000e+00 1.000000000000000e+00 
src volume info
valid = 1  # volume info valid
filename = /usr/local/freesurfer/subjects/3321/mri/norm.mgz
volume = 256 256 256
voxelsize = 1.000000000000000e+00 1.000000000000000e+00 1.000000000000000e+00
xras   = -1.000000000000000e+00 0.000000000000000e+00 0.000000000000000e+00
yras   = 0.000000000000000e+00 0.000000000000000e+00 -1.000000000000000e+00
zras   = 0.000000000000000e+00 1.000000000000000e+00 0.000000000000000e+00
cras   = 1.918280029296875e+02 2.610293579101562e+02 5.291029663085938e+02
dst volume info
valid = 1  # volume info valid
filename = /usr/local/freesurfer/subjects/3321/mri/norm.mgz
volume = 256 256 256
voxelsize = 1.000000000000000e+00 1.000000000000000e+00 1.000000000000000e+00
xras   = -1.000000000000000e+00 0.000000000000000e+00 0.000000000000000e+00
yras   = 0.000000000000000e+00 0.000000000000000e+00 -1.000000000000000e+00
zras   = 0.000000000000000e+00 1.000000000000000e+00 0.000000000000000e+00
cras   = 1.918280029296875e+02 2.610293579101562e+02 5.291029663085938e+02
