# transform file /usr/local/freesurfer/subjects/3354/mri/transforms/cc_up.lta
# created by ubuntu on Tue Jan  2 16:44:01 2018

type      = 0 # LINEAR_VOX_TO_VOX
nxforms   = 1
mean      = 129.0000 143.0000 112.0000
sigma     = 10000.0000
1 4 4
9.991195797920227e-01 3.718610852956772e-03 4.179029911756516e-02 -5.977359294891357e+00 
-3.715362399816513e-03 9.999931454658508e-01 -1.554029295220971e-04 -1.498966693878174e+00 
-4.179058596491814e-02 1.455191696309033e-11 9.991264939308167e-01 3.754159164428711e+01 
0.000000000000000e+00 0.000000000000000e+00 0.000000000000000e+00 1.000000000000000e+00 
src volume info
valid = 1  # volume info valid
filename = /usr/local/freesurfer/subjects/3354/mri/norm.mgz
volume = 256 256 256
voxelsize = 1.000000000000000e+00 1.000000000000000e+00 1.000000000000000e+00
xras   = -1.000000000000000e+00 0.000000000000000e+00 0.000000000000000e+00
yras   = 0.000000000000000e+00 0.000000000000000e+00 -1.000000000000000e+00
zras   = 0.000000000000000e+00 1.000000000000000e+00 0.000000000000000e+00
cras   = 2.221016845703125e+02 2.704660949707031e+02 5.168813476562500e+02
dst volume info
valid = 1  # volume info valid
filename = /usr/local/freesurfer/subjects/3354/mri/norm.mgz
volume = 256 256 256
voxelsize = 1.000000000000000e+00 1.000000000000000e+00 1.000000000000000e+00
xras   = -1.000000000000000e+00 0.000000000000000e+00 0.000000000000000e+00
yras   = 0.000000000000000e+00 0.000000000000000e+00 -1.000000000000000e+00
zras   = 0.000000000000000e+00 1.000000000000000e+00 0.000000000000000e+00
cras   = 2.221016845703125e+02 2.704660949707031e+02 5.168813476562500e+02
