# transform file /usr/local/freesurfer/subjects/3327/mri/transforms/cc_up.lta
# created by ubuntu on Tue Jan  2 15:30:04 2018

type      = 0 # LINEAR_VOX_TO_VOX
nxforms   = 1
mean      = 128.0000 118.0000 113.0000
sigma     = 10000.0000
1 4 4
9.995858669281006e-01 -1.868356950581074e-02 2.189113758504391e-02 2.812028229236603e-01 
1.867908984422684e-02 9.998255372047424e-01 4.090759903192520e-04 2.659605979919434e+01 
-2.189495787024498e-02 0.000000000000000e+00 9.997603297233582e-01 3.681553649902344e+01 
0.000000000000000e+00 0.000000000000000e+00 0.000000000000000e+00 1.000000000000000e+00 
src volume info
valid = 1  # volume info valid
filename = /usr/local/freesurfer/subjects/3327/mri/norm.mgz
volume = 256 256 256
voxelsize = 1.000000000000000e+00 1.000000000000000e+00 1.000000000000000e+00
xras   = -1.000000000000000e+00 0.000000000000000e+00 0.000000000000000e+00
yras   = 0.000000000000000e+00 0.000000000000000e+00 -1.000000000000000e+00
zras   = 0.000000000000000e+00 1.000000000000000e+00 0.000000000000000e+00
cras   = 2.075860900878906e+02 2.709282836914062e+02 5.281048583984375e+02
dst volume info
valid = 1  # volume info valid
filename = /usr/local/freesurfer/subjects/3327/mri/norm.mgz
volume = 256 256 256
voxelsize = 1.000000000000000e+00 1.000000000000000e+00 1.000000000000000e+00
xras   = -1.000000000000000e+00 0.000000000000000e+00 0.000000000000000e+00
yras   = 0.000000000000000e+00 0.000000000000000e+00 -1.000000000000000e+00
zras   = 0.000000000000000e+00 1.000000000000000e+00 0.000000000000000e+00
cras   = 2.075860900878906e+02 2.709282836914062e+02 5.281048583984375e+02
